1.000000000000000078e-15, 1.163078827692141382e-01
1.240639159058831879e-15, 1.163497032043288582e-01
1.539185522990205353e-15, 1.163933773096984259e-01
1.909573832878096778e-15, 1.164389877392007222e-01
2.369092074182632055e-15, 1.164866208762905669e-01
2.939188398646887234e-15, 1.165363670062328771e-01
3.646472223212748708e-15, 1.165883204966402242e-01
4.523956232538053606e-15, 1.166425799867437940e-01
5.612597255954971573e-15, 1.166992485858546480e-01
6.963207939763883060e-15, 1.167584340814961236e-01
8.638828442740443901e-15, 1.168202491577194219e-01
1.071766885445502795e-14, 1.168848116241412854e-01
1.329675967466211943e-14, 1.169522446562776541e-01
1.649648074098019918e-14, 1.170226770477804934e-01
2.046617999391989874e-14, 1.170962434752211706e-01
2.539114433680347118e-14, 1.171730847761046079e-01
3.150124795755327614e-14, 1.172533482408385924e-01
3.908168177536263948e-14, 1.173371879194298750e-01
4.848626481239077771e-14, 1.174247649437246965e-01
6.015395880274834878e-14, 1.175162478660646131e-01
7.462935686310133293e-14, 1.176118130152832564e-01
9.258810253973949034e-14, 1.177116448710290447e-01
1.148684256737553644e-13, 1.178159364574630497e-01
1.425102670302997806e-13, 1.179248897574489419e-01
1.768038178457206887e-13, 1.180387161484263425e-01
2.193497398905057941e-13, 1.181576368612375222e-01
2.721338768375305752e-13, 1.182818834632623634e-01
3.376199441111336532e-13, 1.184116983673084295e-01
4.188645235435270764e-13, 1.185473353678006408e-01
5.196597302486196897e-13, 1.186890602059232913e-01
6.447102107323869325e-13, 1.188371511654778140e-01
7.998527336796708188e-13, 1.189918997013476448e-01
9.923286228832545942e-13, 1.191536111025908590e-01
1.231121748203889693e-12, 1.193226051923269582e-01
1.527377850390712453e-12, 1.194992170667389109e-01
1.894924771873819607e-12, 1.196837978756788018e-01
2.350917875457284495e-12, 1.198767156475481072e-01
2.916640776023703482e-12, 1.200783561613178035e-01
3.618498759642746582e-12, 1.202891238687674030e-01
4.489251258218602817e-12, 1.205094428702517123e-01
5.569540905800129699e-12, 1.207397579475522897e-01
6.909790545715637908e-12, 1.209805356576414970e-01
8.572556731909316169e-12, 1.212322654914794878e-01
1.063544957486011201e-11, 1.214954611022821124e-01
1.319475521676705953e-11, 1.217706616080432569e-01
1.636993001611701879e-11, 1.220584329734685641e-01
2.030917620904734766e-11, 1.223593694768861928e-01
2.519635929317013718e-11, 1.226740952681415892e-01
3.125959000482277931e-11, 1.230032660239655240e-01
3.878187145610719750e-11, 1.233475707078287437e-01
4.811430839003254619e-11, 1.237077334418667657e-01
5.969249509970726728e-11, 1.240845154990804777e-01
7.405684692262426829e-11, 1.244787174246957395e-01
9.187782428863320516e-11, 1.248911812963039575e-01
1.139872266616050197e-10, 1.253227931332122347e-01
1.414170170289020960e-10, 1.257744854663115364e-01
1.754474890833459595e-10, 1.262472400807322925e-01
2.176670253153459014e-10, 1.267420909446081156e-01
2.700462352420682462e-10, 1.272601273384152964e-01
3.350299341977229523e-10, 1.278024972006125970e-01
4.156512558225987699e-10, 1.283704107066799271e-01
5.156732244854963815e-10, 1.289651441001592735e-01
6.397643955748423490e-10, 1.295880437959500697e-01
7.937167617217541797e-10, 1.302405307779175014e-01
9.847160957933763914e-10, 1.309241053148532397e-01
1.221677348996790645e-09, 1.316403520210026601e-01
1.515660758900601062e-09, 1.323909452897570616e-01
1.880388089340912753e-09, 1.331776551317307711e-01
2.332883097864153555e-09, 1.340023534513216374e-01
2.894266124716745834e-09, 1.348670207990191328e-01
3.590739891061047811e-09, 1.357737536402049972e-01
4.454812518844979072e-09, 1.367247721850241571e-01
5.526814857144591554e-09, 1.377224288281225784e-01
6.856782936641737951e-09, 1.387692172516944988e-01
8.506793416364152103e-09, 1.398677822504095503e-01
1.055386103036522963e-08, 1.410209303424342642e-01
1.309353327353609481e-08, 1.422316412370030481e-01
1.624435010958865500e-08, 1.435030802358722157e-01
2.015337685941730939e-08, 1.448386116535966273e-01
2.500306851906321361e-08, 1.462418133499704120e-01
3.101978590138093377e-08, 1.477164924772640942e-01
3.848436109487424960e-08, 1.492667025551731863e-01
4.774520538566121882e-08, 1.508967619977704955e-01
5.923457145875793412e-08, 1.526112742293607161e-01
7.348872892180373161e-08, 1.544151495401020757e-01
9.117299484984902404e-08, 1.563136288477468550e-01
1.131127876593921307e-07, 1.583123095490319987e-01
1.403321537605481715e-07, 1.604171736633203116e-01
1.741015652304015278e-07, 1.626346184922695115e-01
2.159972194782712497e-07, 1.649714900428342623e-01
2.679746087325689612e-07, 1.674351194870685733e-01
3.324597932270931238e-07, 1.700333629612870712e-01
4.124626382901347936e-07, 1.727746450395297451e-01
5.117173007114588441e-07, 1.756680062523250929e-01
6.348565216305210436e-07, 1.787231550619168829e-01
7.876278611187030275e-07, 1.819505247498873490e-01
9.771619672696162365e-07, 1.853613357230411429e-01
1.212305401337652771e-06, 1.889676637991196395e-01
1.504033553638022035e-06, 1.927825150961026135e-01
1.865962923181745824e-06, 1.968199082183117454e-01
2.314986671851156198e-06, 2.010949645101375582e-01
2.872063117797828308e-06, 2.056240072349852233e-01
3.563193971228576795e-06, 2.104246706340746342e-01
4.420637972028530366e-06, 2.155160199283417677e-01
5.484416576121004108e-06, 2.209186834482665118e-01
6.804181968927093473e-06, 2.266549982126465079e-01
8.441534596012959725e-06, 2.327491704299370079e-01
1.047289838236357490e-05, 2.392274525668776353e-01
1.299308784200411817e-05, 2.461183388210051726e-01
1.611973357388155349e-05, 2.534527810489793920e-01
1.999877270535278779e-05, 2.612644274443419179e-01
2.481126055137765354e-05, 2.695898865297738367e-01
3.078182142565080156e-05, 2.784690193338639208e-01
3.818913304781846604e-05, 2.879452629651506057e-01
4.737893390963143824e-05, 2.980659891815776730e-01
5.878016072274900298e-05, 3.088829019869671622e-01
7.292496916841444870e-05, 3.204524787738843306e-01
9.047357242349274721e-05, 3.328364600812926399e-01
1.122450568085305836e-04, 3.461023936536588574e-01
1.392556128874458937e-04, 3.603242391845793424e-01
1.727659664669034859e-04, 3.755830409127536851e-01
2.143402233514849961e-04, 3.919676761227057216e-01
2.659188744512690694e-04, 4.095756886000908592e-01
3.299093687770928763e-04, 4.285142172164437824e-01
4.092984818452433896e-04, 4.489010310876076493e-01
5.077917243205382850e-04, 4.708656841826782680e-01
6.299862978380680332e-04, 4.945508038777086113e-01
7.815856707684058855e-04, 5.201135297748270547e-01
9.696657893145500069e-04, 5.477271211706083998e-01
1.203005349423324089e-03, 5.775827538886159074e-01
1.492495545051825872e-03, 6.098915298256588624e-01
1.851648417912153894e-03, 6.448867255396225628e-01
2.297227536071146450e-03, 6.828263095744644406e-01
2.850030438518104999e-03, 7.239957620269521499e-01
3.535859366535168673e-03, 7.687112341686735961e-01
4.386725591048494174e-03, 8.173230908126232208e-01
5.442343548300250348e-03, 8.702198836318576491e-01
6.751984523072494110e-03, 9.278328098844258465e-01
8.376776400682890353e-03, 9.906407180714456029e-01
1.039255682936710869e-02, 1.059175730064812360e+00
1.289341296525710508e-02, 1.134029558313147668e+00
1.599607301861484532e-02, 1.215860607012363204e+00
1.984535457805795128e-02, 1.305401957772562849e+00
2.462092401494620636e-02, 1.403470353510507307e+00
3.054568246515419402e-02, 1.510976309255492644e+00
3.789616980644708311e-02, 1.628935495514313603e+00
4.701547224022129684e-02, 1.758481559067766042e+00
5.832923594286188590e-02, 1.900880567874004390e+00
7.236553422869650143e-02, 2.057547291481506058e+00
8.977951553033294840e-02, 2.230063556402452907e+00
1.113839826482618256e-01, 2.420198947716592830e+00
1.381873305653627815e-01, 2.629934164276977793e+00
1.714406135851968271e-01, 2.861487375854662396e+00
2.126959386668683116e-01, 3.117343977049280568e+00
2.638789104828929144e-01, 3.400290185558563660e+00
3.273785095948563706e-01, 3.713450992294862640e+00
4.061585988376971157e-01, 4.060333038832382613e+00
5.038962625065129819e-01, 4.444873074866776186e+00
6.251534353689698342e-01, 4.871492736025087922e+00
7.755898323388970006e-01, 5.345160481902520466e+00
9.622271173675114309e-01, 5.871461647246554172e+00
1.193776641714435760e+00, 6.456677687599765569e+00
1.481046048880670929e+00, 7.107875846548070697e+00
1.837443724610724916e+00, 7.833010637382753494e+00
2.279604637318972671e+00, 8.641038720183589206e+00
2.828166780230029431e+00, 9.542048969148487103e+00
3.508734455902700500e+00, 1.054740976793584117e+01
4.353073364731883110e+00, 1.166993584683722318e+01
5.400593278542351605e+00, 1.292407728929011945e+01
6.700187503509575926e+00, 1.432613369173199658e+01
8.312514989890598116e+00, 1.589449686594757871e+01
1.031283160672178312e+01, 1.764992593354464034e+01
1.279450273207873323e+01, 1.961585918559049446e+01
1.587336111010205464e+01, 2.181876767538349426e+01
1.969311337907413773e+01, 2.428855618863557098e+01
2.443204762186471868e+01, 2.705901800416207692e+01
3.031135501567576185e+01, 3.016835073222139130e+01
3.760545399658160193e+01, 3.365974151135574743e+01
4.665479882234448894e+01, 3.758203097440014062e+01
5.788177037701280625e+01, 4.199046667892794460e+01
7.181039092537342583e+01, 4.694755815807565114e+01
8.909078300934106664e+01, 5.252404740861601340e+01
1.105295141126015324e+02, 5.880001052185230037e+01
1.371272434398401003e+02, 6.586610831071958216e+01
1.701254279852585682e+02, 7.382500622900130338e+01
2.110642679101546264e+02, 8.279298665636476073e+01
2.618545958474216491e+02, 9.290177978206907028e+01
3.248670655878374873e+02, 1.043006429132096429e+02
4.030428030568042459e+02, 1.171587221198956996e+02
5.000306842491069119e+02, 1.316677347777662987e+02
6.203576476104229869e+02, 1.480450168549762964e+02
7.696399902471150654e+02, 1.665369848042099079e+02
9.548455102782263566e+02, 1.874230687603959780e+02
1.184618730902677498e+03, 2.110201815255113615e+02
1.469684386112447555e+03, 2.376877966726119951e+02
1.823348000868438476e+03, 2.678337191695131878e+02
2.262116930469017007e+03, 3.019206433759933361e+02
2.806470846309821354e+03, 3.404736062978278710e+02
3.481817630688966346e+03, 3.840884588036302034e+02
4.319679297334165312e+03, 4.334414943733099221e+02
5.359163290848492579e+03, 4.893003941313048699e+02
6.648787838417221792e+03, 5.525366687433132711e+02
8.248746552614580651e+03, 6.241398025863865087e+02
1.023371798632517130e+04, 7.052333338529475668e+02
1.269635127659967657e+04, 7.970931363912703773e+02
1.575159057091611612e+04, 9.011682056543551198e+02
1.954204007974051638e+04, 1.019104292736783464e+03
2.424462017082320745e+04, 1.152770777819378509e+03
3.007882518043083473e+04, 1.304291228205203879e+03
3.731696837732755375e+04, 1.476078147416794991e+03
4.629689226627258176e+04, 1.670872491557783860e+03
5.743773748826562951e+04, 1.891788608486913063e+03
7.125950633568367630e+04, 2.142365345634420009e+03
8.840733401525062800e+04, 2.426624175019351242e+03
1.096816005273135670e+05, 2.749135300917443601e+03
1.360752886424327444e+05, 3.115092848637782026e+03
1.688203316700352298e+05, 3.530400384214668520e+03
2.094451143151468714e+05, 4.001768187041023793e+03
2.598458104929241817e+05, 4.536823893439257517e+03
3.223748878149013617e+05, 5.144238352163471063e+03
3.999509097203636193e+05, 5.833868786580858796e+03
4.961947603002897813e+05, 6.616921647036529066e+03
6.155986501483488828e+05, 7.506137865492683886e+03
7.637357916377979564e+05, 8.516003598449089623e+03
9.475205302806546679e+05, 9.662989969649912382e+03
1.175531073878367431e+06, 1.096582580828497157e+04
1.458409882943980163e+06, 1.244580792940073115e+04
1.809360410738705425e+06, 1.412715413026780334e+04
2.244763378413223661e+06, 1.603740479000461346e+04
2.784941350080638193e+06, 1.820787977176805362e+04
3.455107294592204038e+06, 2.067419825088785365e+04
4.286541408420898952e+06, 2.347687014390245531e+04
5.318051128214197233e+06, 2.666196901016124684e+04
6.597782479539519176e+06, 3.028189765951596564e+04
8.185467307068986818e+06, 3.439625924944005237e+04
1.015521127634560876e+07, 3.907284841862471512e+04
1.259895277795025893e+07, 4.438877901124872733e+04
1.563075417945810966e+07, 5.043176723029537243e+04
1.939212572065819055e+07, 5.730159165775981091e+04
2.405863054644047096e+07, 6.511175453785842546e+04
2.984807916924321279e+07, 7.399137208598539291e+04
3.703069584005125612e+07, 8.408732541751014651e+04
4.594173134636448324e+07, 9.556670805076610122e+04
5.699711094326075166e+07, 1.086196109007330815e+05
7.071284778942981362e+07, 1.234622913271136349e+05
8.772912801613320410e+07, 1.403407792273009836e+05
1.088401916068998873e+08, 1.595349804787710018e+05
1.350314037869872153e+08, 1.813633463592550543e+05
1.675252472408210337e+08, 2.061881870460305654e+05
2.078383818579746783e+08, 2.344217180765513913e+05
2.578524352884255350e+08, 2.665329409219322843e+05
3.199018284775061011e+08, 3.030554727881504805e+05
3.968827354637149572e+08, 3.445964566510184086e+05
4.923882631706711054e+08, 3.918467006163696060e+05
6.108761607504990101e+08, 4.455922162792970776e+05
7.578768863625915051e+08, 5.067273491807183600e+05
9.402517429670093060e+08, 5.762697211182496976e+05
1.166513131698189020e+09, 6.553772344081863994e+05
1.447221870741134405e+09, 7.453674227244022768e+05
1.795480124687826872e+09, 8.477394724369733594e+05
2.227542951999547482e+09, 9.641992830965564353e+05
2.763577014736140728e+09, 1.096687986609251471e+06
3.428601863556583405e+09, 1.247414402574039530e+06
4.253657732750374317e+09, 1.418891973181061679e+06
5.277254352483510971e+09, 1.613980796099111903e+06
6.547168402004689217e+09, 1.835935459171417169e+06
8.122673500479702950e+09, 2.088459477921610232e+06
1.007730682094457626e+10, 2.375767247474436183e+06
1.250230145991448212e+10, 2.702654546372384299e+06
1.551084476952827835e+10, 3.074578773028287105e+06
1.924336141115975952e+10, 3.497750258597005624e+06
2.387406771860637283e+10, 3.979236185607359745e+06
2.961910329772535324e+10, 4.527078852879311889e+06
3.674661940736687469e+10, 5.150430267598493025e+06
4.558929499981050110e+10, 5.859705318959870376e+06
5.655986461064978790e+10, 6.666756099107714370e+06
7.017038286703779602e+10, 7.585070291406292468e+06
8.705612479099856567e+10, 8.629996949315028265e+06
1.080052374516249542e+11, 9.819003448067596182e+06
1.339955269659331512e+11, 1.117196791366116516e+07
1.662400978926599731e+11, 1.271151202809820324e+07
2.062439752514088440e+11, 1.446337978635703400e+07
2.558743520168578491e+11, 1.645686855053021014e+07
3.174477409109173584e+11, 1.872531962287201732e+07
3.938380983288457031e+11, 2.130667655681661144e+07
4.886109671160316162e+11, 2.424412056008971855e+07
6.061898993497547607e+11, 2.758679363585346937e+07
7.520629269592360840e+11, 3.139062157805411518e+07
9.330387172620283203e+11, 3.571925061041686684e+07
1.157564369553301025e+12, 4.064511336290680617e+07
1.436119685999071289e+12, 4.625064204685197026e+07
1.781706319545718018e+12, 5.262964915664587915e+07
2.210454629971019531e+12, 5.988889883333167434e+07
2.742376573264940918e+12, 6.814989522049541771e+07
3.402299765678050293e+12, 7.755091777929638326e+07
4.221026320156868652e+12, 8.824933766807645559e+07
5.236770544204644531e+12, 1.004242540022123903e+08
6.496942604146098633e+12, 1.142794941706071049e+08
8.060361408861295898e+12, 1.300470284863521457e+08
1.000000000000000000e+13, 1.479908563928341269e+08
