1.000000000000000078e-15, 1.094206420066880098e-01
1.240639159058831879e-15, 1.094553019778005953e-01
1.539185522990205353e-15, 1.094914971798635478e-01
1.909573832878096778e-15, 1.095292959729876614e-01
2.369092074182632055e-15, 1.095687697934102228e-01
2.939188398646887234e-15, 1.096099932948015471e-01
3.646472223212748708e-15, 1.096530444963183526e-01
4.523956232538053606e-15, 1.096980049377492411e-01
5.612597255954971573e-15, 1.097449598421157413e-01
6.963207939763883060e-15, 1.097939982861138586e-01
8.638828442740443901e-15, 1.098452133788027640e-01
1.071766885445502795e-14, 1.098987024489714581e-01
1.329675967466211943e-14, 1.099545672416381570e-01
1.649648074098019918e-14, 1.100129141241649594e-01
2.046617999391989874e-14, 1.100738543024980948e-01
2.539114433680347118e-14, 1.101375040480756240e-01
3.150124795755327614e-14, 1.102039849359751217e-01
3.908168177536263948e-14, 1.102734240949107408e-01
4.848626481239077771e-14, 1.103459544697244499e-01
6.015395880274834878e-14, 1.104217150970576017e-01
7.462935686310133293e-14, 1.105008513949294752e-01
9.258810253973949034e-14, 1.105835154669978504e-01
1.148684256737553644e-13, 1.106698664223224465e-01
1.425102670302997806e-13, 1.107600707115068139e-01
1.768038178457206887e-13, 1.108543024801487420e-01
2.193497398905057941e-13, 1.109527439405913890e-01
2.721338768375305752e-13, 1.110555857630297349e-01
3.376199441111336532e-13, 1.111630274870982205e-01
4.188645235435270764e-13, 1.112752779551401811e-01
5.196597302486196897e-13, 1.113925557684386919e-01
6.447102107323869325e-13, 1.115150897677764930e-01
7.998527336796708188e-13, 1.116431195397850351e-01
9.923286228832545942e-13, 1.117768959506431625e-01
1.231121748203889693e-12, 1.119166817087941940e-01
1.527377850390712453e-12, 1.120627519584668635e-01
1.894924771873819607e-12, 1.122153949059110506e-01
2.350917875457284495e-12, 1.123749124803962440e-01
2.916640776023703482e-12, 1.125416210321653898e-01
3.618498759642746582e-12, 1.127158520696976973e-01
4.489251258218602817e-12, 1.128979530388040109e-01
5.569540905800129699e-12, 1.130882881462637463e-01
6.909790545715637908e-12, 1.132872392309145632e-01
8.572556731909316169e-12, 1.134952066853217312e-01
1.063544957486011201e-11, 1.137126104313906511e-01
1.319475521676705953e-11, 1.139398909535412480e-01
1.636993001611701879e-11, 1.141775103933397734e-01
2.030917620904734766e-11, 1.144259537097839646e-01
2.519635929317013718e-11, 1.146857299097642918e-01
3.125959000482277931e-11, 1.149573733535772802e-01
3.878187145610719750e-11, 1.152414451407537677e-01
4.811430839003254619e-11, 1.155385345818818743e-01
5.969249509970726728e-11, 1.158492607625613430e-01
7.405684692262426829e-11, 1.161742742061208505e-01
9.187782428863320516e-11, 1.165142586422698717e-01
1.139872266616050197e-10, 1.168699328894460404e-01
1.414170170289020960e-10, 1.172420528592572758e-01
1.754474890833459595e-10, 1.176314136921206288e-01
2.176670253153459014e-10, 1.180388520339594044e-01
2.700462352420682462e-10, 1.184652484646549764e-01
3.350299341977229523e-10, 1.189115300898583028e-01
4.156512558225987699e-10, 1.193786733087597307e-01
5.156732244854963815e-10, 1.198677067715032546e-01
6.397643955748423490e-10, 1.203797145411178438e-01
7.937167617217541797e-10, 1.209158394761418037e-01
9.847160957933763914e-10, 1.214772868515372056e-01
1.221677348996790645e-09, 1.220653282370534887e-01
1.515660758900601062e-09, 1.226813056539085012e-01
1.880388089340912753e-09, 1.233266360325293298e-01
2.332883097864153555e-09, 1.240028159961538423e-01
2.894266124716745834e-09, 1.247114269973507716e-01
3.590739891061047811e-09, 1.254541408369961586e-01
4.454812518844979072e-09, 1.262327255979697194e-01
5.526814857144591554e-09, 1.270490520288299341e-01
6.856782936641737951e-09, 1.279051004160228211e-01
8.506793416364152103e-09, 1.288029679868050170e-01
1.055386103036522963e-08, 1.297448768890570592e-01
1.309353327353609481e-08, 1.307331827985613870e-01
1.624435010958865500e-08, 1.317703842091698385e-01
2.015337685941730939e-08, 1.328591324666340279e-01
2.500306851906321361e-08, 1.340022426127750466e-01
3.101978590138093377e-08, 1.352027051131841351e-01
3.848436109487424960e-08, 1.364636985488444365e-01
4.774520538566121882e-08, 1.377886033600204951e-01
5.923457145875793412e-08, 1.391810167395581832e-01
7.348872892180373161e-08, 1.406447687824725068e-01
9.117299484984902404e-08, 1.421839400094749850e-01
1.131127876593921307e-07, 1.438028803940277767e-01
1.403321537605481715e-07, 1.455062300357367611e-01
1.741015652304015278e-07, 1.472989416375609095e-01
2.159972194782712497e-07, 1.491863049605831604e-01
2.679746087325689612e-07, 1.511739734481477027e-01
3.324597932270931238e-07, 1.532679932312199511e-01
4.124626382901347936e-07, 1.554748347491128613e-01
5.117173007114588441e-07, 1.578014272444928090e-01
6.348565216305210436e-07, 1.602551964191401002e-01
7.876278611187030275e-07, 1.628441055676019544e-01
9.771619672696162365e-07, 1.655767005400299585e-01
1.212305401337652771e-06, 1.684621589235357764e-01
1.504033553638022035e-06, 1.715103438738072028e-01
1.865962923181745824e-06, 1.747318630760191505e-01
2.314986671851156198e-06, 1.781381333668430877e-01
2.872063117797828308e-06, 1.817414516082678511e-01
3.563193971228576795e-06, 1.855550724697380693e-01
4.420637972028530366e-06, 1.895932938486415975e-01
5.484416576121004108e-06, 1.938715507413739936e-01
6.804181968927093473e-06, 1.984065184691526373e-01
8.441534596012959725e-06, 2.032162262656365959e-01
1.047289838236357490e-05, 2.083201823486113546e-01
1.299308784200411817e-05, 2.137395117270168288e-01
1.611973357388155349e-05, 2.194971081391955958e-01
1.999877270535278779e-05, 2.256178016803425390e-01
2.481126055137765354e-05, 2.321285438589549277e-01
3.078182142565080156e-05, 2.390586120261018188e-01
3.818913304781846604e-05, 2.464398353503582384e-01
4.737893390963143824e-05, 2.543068447684585509e-01
5.878016072274900298e-05, 2.626973496306901357e-01
7.292496916841444870e-05, 2.716524440848524513e-01
9.047357242349274721e-05, 2.812169466077874547e-01
1.122450568085305836e-04, 2.914397765042853194e-01
1.392556128874458937e-04, 3.023743716553884409e-01
1.727659664669034859e-04, 3.140791523184528478e-01
2.143402233514849961e-04, 3.266180363672325226e-01
2.659188744512690694e-04, 3.400610120202796072e-01
3.299093687770928763e-04, 3.544847748496908202e-01
4.092984818452433896e-04, 3.699734367006063396e-01
5.077917243205382850e-04, 3.866193150971986014e-01
6.299862978380680332e-04, 4.045238127772060599e-01
7.815856707684058855e-04, 4.237983982001582439e-01
9.696657893145500069e-04, 4.445656992323395729e-01
1.203005349423324089e-03, 4.669607237445265735e-01
1.492495545051825872e-03, 4.911322225897613580e-01
1.851648417912153894e-03, 5.172442123840003125e-01
2.297227536071146450e-03, 5.454776777220929906e-01
2.850030438518104999e-03, 5.760324749588843218e-01
3.535859366535168673e-03, 6.091294625083849557e-01
4.386725591048494174e-03, 6.450128858063254311e-01
5.442343548300250348e-03, 6.839530486920089025e-01
6.751984523072494110e-03, 7.262493070500839476e-01
8.376776400682890353e-03, 7.722334251747925427e-01
1.039255682936710869e-02, 8.222733405503678261e-01
1.289341296525710508e-02, 8.767773886628944524e-01
1.599607301861484532e-02, 9.361990461638248773e-01
1.984535457805795128e-02, 1.001042258298290299e+00
2.462092401494620636e-02, 1.071867425111886485e+00
3.054568246515419402e-02, 1.149298130692926856e+00
3.789616980644708311e-02, 1.234028710747332003e+00
4.701547224022129684e-02, 1.326832766314820278e+00
5.832923594286188590e-02, 1.428572745616534689e+00
7.236553422869650143e-02, 1.540210732100935731e+00
8.977951553033294840e-02, 1.662820594982863831e+00
1.113839826482618256e-01, 1.797601679241128236e+00
1.381873305653627815e-01, 1.945894235483172974e+00
1.714406135851968271e-01, 2.109196816677235464e+00
2.126959386668683116e-01, 2.289185898919350315e+00
2.638789104828929144e-01, 2.487738017630145126e+00
3.273785095948563706e-01, 2.706954749415305894e+00
4.061585988376971157e-01, 2.949190913900991529e+00
5.038962625065129819e-01, 3.217086419882925430e+00
6.251534353689698342e-01, 3.513602236915430499e+00
7.755898323388970006e-01, 3.842061037933936163e+00
9.622271173675114309e-01, 4.206193131698101162e+00
1.193776641714435760e+00, 4.610188386951217687e+00
1.481046048880670929e+00, 5.058754944567770195e+00
1.837443724610724916e+00, 5.557185621141546683e+00
2.279604637318972671e+00, 6.111433029199290878e+00
2.828166780230029431e+00, 6.728194577497847995e+00
3.508734455902700500e+00, 7.415008671934119278e+00
4.353073364731883110e+00, 8.180363616038844654e+00
5.400593278542351605e+00, 9.033820912756981514e+00
6.700187503509575926e+00, 9.986154899565155674e+00
8.312514989890598116e+00, 1.104951091071660230e+01
1.031283160672178312e+01, 1.223758445783763804e+01
1.279450273207873323e+01, 1.356582425811203230e+01
1.587336111010205464e+01, 1.505166232344329913e+01
1.969311337907413773e+01, 1.671477476060298528e+01
2.443204762186471868e+01, 1.857737742864518182e+01
3.031135501567576185e+01, 2.066456116398152787e+01
3.760545399658160193e+01, 2.300467192476523692e+01
4.665479882234448894e+01, 2.562974193522071076e+01
5.788177037701280625e+01, 2.857597873930955146e+01
7.181039092537342583e+01, 3.188432001535273841e+01
8.909078300934106664e+01, 3.560106307450668339e+01
1.105295141126015324e+02, 3.977857918404486526e+01
1.371272434398401003e+02, 4.447612424140001508e+01
1.701254279852585682e+02, 4.976075889980588585e+01
2.110642679101546264e+02, 5.570839303725409053e+01
2.618545958474216491e+02, 6.240497149702729018e+01
3.248670655878374873e+02, 6.994782034409065830e+01
4.030428030568042459e+02, 7.844717551552706425e+01
5.000306842491069119e+02, 8.802791873874430451e+01
6.203576476104229869e+02, 9.883154899808317850e+01
7.696399902471150654e+02, 1.110184217053590743e+02
9.548455102782263566e+02, 1.247702921371424907e+02
1.184618730902677498e+03, 1.402932047145441459e+02
1.469684386112447555e+03, 1.578207754032482342e+02
1.823348000868438476e+03, 1.776179209974595210e+02
2.262116930469017007e+03, 1.999850964292035940e+02
2.806470846309821354e+03, 2.252631096368579335e+02
3.481817630688966346e+03, 2.538385930737148612e+02
4.319679297334165312e+03, 2.861502217977277951e+02
5.359163290848492579e+03, 3.226957804384126689e+02
6.648787838417221792e+03, 3.640401953919571838e+02
8.248746552614580651e+03, 4.108246645853684527e+02
1.023371798632517130e+04, 4.637770353414263127e+02
1.269635127659967657e+04, 5.237236015718318640e+02
1.575159057091611612e+04, 5.916025150712838467e+02
1.954204007974051638e+04, 6.684790324733478428e+02
2.424462017082320745e+04, 7.555628499066934864e+02
3.007882518043083473e+04, 8.542278120664894914e+02
3.731696837732755375e+04, 9.660343218690519507e+02
4.629689226627258176e+04, 1.092754821747282676e+03
5.743773748826562951e+04, 1.236402768719455480e+03
7.125950633568367630e+04, 1.399265583477391829e+03
8.840733401525062800e+04, 1.583942119863224207e+03
1.096816005273135670e+05, 1.793385276340882911e+03
1.360752886424327444e+05, 2.030950456676955582e+03
1.688203316700352298e+05, 2.300450684455401642e+03
2.094451143151468714e+05, 2.606219286890927833e+03
2.598458104929241817e+05, 2.953181189528163486e+03
3.223748878149013617e+05, 3.346934006927770497e+03
3.999509097203636193e+05, 3.793840277744250670e+03
4.961947603002897813e+05, 4.301132378425834759e+03
6.155986501483488828e+05, 4.877031861220068095e+03
7.637357916377979564e+05, 5.530885202787851995e+03
9.475205302806546679e+05, 6.273318223536100049e+03
1.175531073878367431e+06, 7.116411749357212102e+03
1.458409882943980163e+06, 8.073901442023327945e+03
1.809360410738705425e+06, 9.161405127955589705e+03
2.244763378413223661e+06, 1.039668141422712688e+04
2.784941350080638193e+06, 1.179992390314221848e+04
3.455107294592204038e+06, 1.339409591130994704e+04
4.286541408420898952e+06, 1.520531127574419406e+04
5.318051128214197233e+06, 1.726326759950335691e+04
6.597782479539519176e+06, 1.960173916561295482e+04
8.185467307068986818e+06, 2.225913774516642661e+04
1.015521127634560876e+07, 2.527915066025636042e+04
1.259895277795025893e+07, 2.871146675375743143e+04
1.563075417945810966e+07, 3.261260238757084880e+04
1.939212572065819055e+07, 3.704684126336311601e+04
2.405863054644047096e+07, 4.208730376307728875e+04
2.984807916924321279e+07, 4.781716367244620778e+04
3.703069584005125612e+07, 5.433103261564403510e+04
4.594173134636448324e+07, 6.173653533436873113e+04
5.699711094326075166e+07, 7.015610213700488384e+04
7.071284778942981362e+07, 7.972900847655993130e+04
8.772912801613320410e+07, 9.061369575062647345e+04
1.088401916068998873e+08, 1.029904121219285735e+05
1.350314037869872153e+08, 1.170642175129086681e+05
1.675252472408210337e+08, 1.330684030219370034e+05
2.078383818579746783e+08, 1.512683819442100357e+05
2.578524352884255350e+08, 1.719661174733446678e+05
3.199018284775061011e+08, 1.955051611423660361e+05
3.968827354637149572e+08, 2.222763862856083433e+05
4.923882631706711054e+08, 2.527245124373329454e+05
6.108761607504990101e+08, 2.873555298234052607e+05
7.578768863625915051e+08, 3.267451481710968073e+05
9.402517429670093060e+08, 3.715484112112999428e+05
1.166513131698189020e+09, 4.225106377645839239e+05
1.447221870741134405e+09, 4.804798725144099444e+05
1.795480124687826872e+09, 5.464210548497617710e+05
2.227542951999547482e+09, 6.214321429288450163e+05
2.763577014736140728e+09, 7.067624628573207883e+05
3.428601863556583405e+09, 8.038335901375638787e+05
4.253657732750374317e+09, 9.142631129537111847e+05
5.277254352483510971e+09, 1.039891675121677807e+06
6.547168402004689217e+09, 1.182813751462137327e+06
8.122673500479702950e+09, 1.345412670868588844e+06
1.007730682094457626e+10, 1.530400473488985328e+06
1.250230145991448212e+10, 1.740863269410688430e+06
1.551084476952827835e+10, 1.980312858390823938e+06
1.924336141115975952e+10, 2.252745475052468479e+06
2.387406771860637283e+10, 2.562708643328046426e+06
2.961910329772535324e+10, 2.915377259775825310e+06
3.674661940736687469e+10, 3.316640179998855572e+06
4.558929499981050110e+10, 3.773198758349969052e+06
5.655986461064978790e+10, 4.292678991359432228e+06
7.017038286703779602e+10, 4.883759143228865229e+06
8.705612479099856567e+10, 5.556314991116837598e+06
1.080052374516249542e+11, 6.321585123142957687e+06
1.339955269659331512e+11, 7.192359058007359505e+06
1.662400978926599731e+11, 8.183191337488945574e+06
2.062439752514088440e+11, 9.310645178259769455e+06
2.558743520168578491e+11, 1.059356976472396217e+07
3.174477409109173584e+11, 1.205341582826102525e+07
3.938380983288457031e+11, 1.371459479976786487e+07
4.886109671160316162e+11, 1.560488755250721052e+07
6.061898993497547607e+11, 1.775590958321343362e+07
7.520629269592360840e+11, 2.020364042511094362e+07
9.330387172620283203e+11, 2.298902616280816123e+07
1.157564369553301025e+12, 2.615866514398847148e+07
1.436119685999071289e+12, 2.976558837694841996e+07
1.781706319545718018e+12, 3.387014768970797956e+07
2.210454629971019531e+12, 3.854102653221767396e+07
2.742376573264940918e+12, 4.385639035839056969e+07
3.402299765678050293e+12, 4.990519586373125762e+07
4.221026320156868652e+12, 5.678868101641488075e+07
5.236770544204644531e+12, 6.462206084942057729e+07
6.496942604146098633e+12, 7.353645742950437963e+07
8.060361408861295898e+12, 8.368109634321673214e+07
1.000000000000000000e+13, 9.522580650657962263e+07
