1.000000000000000078e-15, 1.393855811007621570e-02
1.184618730902683615e-15, 1.394278699433718072e-02
1.403321537605484717e-15, 1.394716252624954647e-02
1.662400978926611930e-15, 1.395168982320124304e-02
1.969311337907421613e-15, 1.395637418339253782e-02
2.332883097864158299e-15, 1.396122109238037874e-02
2.763577014736160320e-15, 1.396623622987029981e-02
3.273785095948577224e-15, 1.397142547676600254e-02
3.878187145610723230e-15, 1.397679492248724009e-02
4.594173134636476025e-15, 1.398235087256686181e-02
5.442343548300266800e-15, 1.398809985653879338e-02
6.447102107323868852e-15, 1.399404863612881481e-02
7.637357916378027489e-15, 1.400020421376088099e-02
9.047357242349291730e-15, 1.400657384139223326e-02
1.071766885445503426e-14, 1.401316502969106488e-02
1.269635127659974077e-14, 1.401998555757132114e-02
1.504033553638024959e-14, 1.402704348209980918e-02
1.781706319545730845e-14, 1.403434714879156150e-02
2.110642679101555022e-14, 1.404190520231015683e-02
2.500306851906325026e-14, 1.404972659759048600e-02
2.961910329772554818e-14, 1.405782061140236142e-02
3.508734455902712968e-14, 1.406619685437427575e-02
4.156512558225991946e-14, 1.407486528349746920e-02
4.923882631706740969e-14, 1.408383621513164229e-02
5.832923594286206104e-14, 1.409312033853455347e-02
6.909790545715645178e-14, 1.410272872993902256e-02
8.185467307069029033e-14, 1.411267286720189681e-02
9.696657893145525094e-14, 1.412296464505096230e-02
1.148684256737554654e-13, 1.413361639095696981e-02
1.360752886424334547e-13, 1.414464088165950754e-02
1.611973357388158634e-13, 1.415605136037682496e-02
1.909573832878098545e-13, 1.416786155473137403e-02
2.262116930469026344e-13, 1.418008569542447000e-02
2.679746087325692012e-13, 1.419273853569535601e-02
3.174477409109193244e-13, 1.420583537160169385e-02
3.760545399658171687e-13, 1.421939206316063034e-02
4.454812518844988868e-13, 1.423342505639172730e-02
5.277254352483542987e-13, 1.424795140630515967e-02
6.251534353689717889e-13, 1.426298880088119024e-02
7.405684692262441571e-13, 1.427855558608928828e-02
8.772912801613365325e-13, 1.429467079199814132e-02
1.039255682936713244e-12, 1.431135416003047681e-02
1.231121748203890703e-12, 1.432862617141997773e-02
1.458409882943986503e-12, 1.434650807693042818e-02
1.727659664669038352e-12, 1.436502192790110703e-02
2.046617999391991628e-12, 1.438419060868579430e-02
2.424462017082330886e-12, 1.440403787055689021e-02
2.872063117797830867e-12, 1.442458836715022723e-02
3.402299765678071147e-12, 1.444586769153059086e-02
4.030428030568054307e-12, 1.446790241496280494e-02
4.774520538566130840e-12, 1.449072012747818460e-02
5.655986461065008035e-12, 1.451434948033153600e-02
6.700187503509590135e-12, 1.453882023044980945e-02
7.937167617217558082e-12, 1.456416328697934456e-02
9.402517429670141714e-12, 1.459041076004545176e-02
1.113839826482620524e-11, 1.461759601184494523e-02
1.319475521676708700e-11, 1.464575371019964309e-02
1.563075417945817251e-11, 1.467491988470691691e-02
1.851648417912158075e-11, 1.470513198563182938e-02
2.193497398905060142e-11, 1.473642894569450468e-02
2.598458104929252484e-11, 1.476885124491605743e-02
3.078182142565080031e-11, 1.480244097869686491e-02
3.646472223212752839e-11, 1.483724192931207969e-02
4.319679297334173335e-11, 1.487329964102111421e-02
5.117173007114610145e-11, 1.491066149900065023e-02
6.061898993497584093e-11, 1.494937681232434180e-02
7.181039092537356965e-11, 1.498949690122700247e-02
8.506793416364170249e-11, 1.503107518890665038e-02
1.007730682094461815e-10, 1.507416729813469518e-02
1.193776641714438331e-10, 1.511883115296248740e-02
1.414170170289023803e-10, 1.516512708583162526e-02
1.675252472408217365e-10, 1.521311795041632720e-02
1.984535457805803279e-10, 1.526286924054824634e-02
2.350917875457289358e-10, 1.531444921559795350e-02
2.784941350080649610e-10, 1.536792903271295106e-02
3.299093687770942561e-10, 1.542338288633956188e-02
3.908168177536272135e-10, 1.548088815548563646e-02
4.629689226627267571e-10, 1.554052555921261146e-02
5.484416576121026303e-10, 1.560237932087981706e-02
6.496942604146125056e-10, 1.566653734170041570e-02
7.696399902471166909e-10, 1.573309138420807274e-02
9.117299484984940992e-10, 1.580213726627571064e-02
1.080052374516253962e-09, 1.587377506637378463e-02
1.279450273207876028e-09, 1.594810934080431036e-02
1.515660758900604371e-09, 1.602524935370050821e-02
1.795480124687833954e-09, 1.610530932063858681e-02
2.126959386668692041e-09, 1.618840866677014739e-02
2.519635929317018539e-09, 1.627467230045006458e-02
2.984807916924333199e-09, 1.636423090340625996e-02
3.535859366535183310e-09, 1.645722123857525782e-02
4.188645235435279785e-09, 1.655378647681070639e-02
4.961947603002907857e-09, 1.665407654376238958e-02
5.878016072274924118e-09, 1.675824848832015504e-02
6.963207939763889889e-09, 1.686646687412272569e-02
8.248746552614598195e-09, 1.697890419574460755e-02
9.771619672696180100e-09, 1.709574132129730237e-02
1.157564369553305873e-08, 1.721716796331362875e-02
1.371272434398403692e-08, 1.734338317992784040e-02
1.624435010958868809e-08, 1.747459590851930394e-02
1.924336141115983946e-08, 1.761102553415608285e-02
2.279604637318981838e-08, 1.775290249535658310e-02
2.700462352420687487e-08, 1.790046892988509525e-02
3.199018284775067106e-08, 1.805397936351036889e-02
3.789616980644723283e-08, 1.821370144488871842e-02
4.489251258218608039e-08, 1.837991672998356973e-02
5.318051128214207347e-08, 1.855292151970670822e-02
6.299862978380705770e-08, 1.873302775476132567e-02
7.462935686310144724e-08, 1.892056397198842166e-02
8.840733401525080114e-08, 1.911587632686607627e-02
1.047289838236361656e-07, 1.931932968718950983e-02
1.240639159058834211e-07, 1.953130880337094685e-02
1.469684386112447532e-07, 1.975221956124460429e-02
1.741015652304022424e-07, 1.998249032374812065e-02
2.062439752514096944e-07, 2.022257336837909522e-02
2.443204762186492067e-07, 2.047294642790032856e-02
2.894266124716751244e-07, 2.073411434239192178e-02
3.428601863556597385e-07, 2.100661083142865704e-02
4.061585988376987783e-07, 2.129100039590201346e-02
4.811430839003263999e-07, 2.158788035981261400e-02
5.699711094326075332e-07, 2.189788306323802239e-02
6.751984523072522091e-07, 2.222167821863873724e-02
7.998527336796724915e-07, 2.255997544370957203e-02
9.475205302806548054e-07, 2.291352698512254607e-02
1.122450568085310503e-06, 2.328313064874992788e-02
1.329675967466215312e-06, 2.366963295331158193e-02
1.575159057091624399e-06, 2.407393252587106472e-02
1.865962923181745824e-06, 2.449698375922009994e-02
2.210454629971028308e-06, 2.493980075295651466e-02
2.618545958474237714e-06, 2.540346156198805549e-02
3.101978590138099995e-06, 2.588911277830191135e-02
3.674661940736702830e-06, 2.639797447414264642e-02
4.353073364731901082e-06, 2.693134553725981539e-02
5.156732244854973643e-06, 2.749060943164083337e-02
6.108761607505039188e-06, 2.807724042015810606e-02
7.236553422869679336e-06, 2.869281028885749610e-02
8.572556731909341268e-06, 2.933899561622461613e-02
1.015521127634569068e-05, 3.001758563471838143e-02
1.203005349423329097e-05, 3.073049073618983745e-02
1.425102670303002181e-05, 3.147975167754635956e-02
1.688203316700366091e-05, 3.226754954821835220e-02
1.999877270535286910e-05, 3.309621656667982581e-02
2.369092074182641892e-05, 3.396824777951921309e-02
2.806470846309844290e-05, 3.488631374340316060e-02
3.324597932270945193e-05, 3.585327427778615267e-02
3.938380983288489347e-05, 3.687219338445751893e-02
4.665479882234487143e-05, 3.794635543905906100e-02
5.526814857144614113e-05, 3.907928276962897157e-02
6.547168402004742828e-05, 4.027475474812266393e-02
7.755898323389033436e-05, 4.153682853282297111e-02
9.187782428863358044e-05, 4.286986161269026180e-02
1.088401916069007641e-04, 4.427853631913702265e-02
1.289341296525715658e-04, 4.576788648656776592e-02
1.527377850390718465e-04, 4.734332646045396470e-02
1.809360410738720362e-04, 4.901068267086929053e-02
2.143402233514858635e-04, 5.077622801047104728e-02
2.539114433680357552e-04, 5.264671927907088600e-02
3.007882518043107677e-04, 5.462943798240758875e-02
3.563193971228591347e-04, 5.673223480075103436e-02
4.221026320156902626e-04, 5.896357807378953958e-02
5.000306842491110881e-04, 6.133260668217029032e-02
5.923457145875816879e-04, 6.384918774339153058e-02
7.017038286703836418e-04, 6.652397958083583474e-02
8.312514989890666195e-04, 6.936850046996848040e-02
9.847160957933804529e-04, 7.239520371553721800e-02
1.166513131698198452e-03, 7.561755966846436805e-02
1.381873305653633522e-03, 7.905014535153914723e-02
1.636993001611708595e-03, 8.270874242957733380e-02
1.939212572065834861e-03, 8.661044433304240786e-02
2.297227536071155991e-03, 9.077377342492619350e-02
2.721338768375319763e-03, 9.521880918973128771e-02
3.223748878149040268e-03, 9.996732852154882609e-02
3.818913304781862243e-03, 1.050429592964148701e-01
4.523956232538058238e-03, 1.104713485334081341e-01
5.359163290848536348e-03, 1.162803465804708308e-01
6.348565216305236333e-03, 1.225002089059630539e-01
7.520629269592422200e-03, 1.291638172369133364e-01
8.909078300934179448e-03, 1.363069219613466387e-01
1.055386103036527225e-02, 1.439684079066866906e-01
1.250230145991458423e-02, 1.521905858209365581e-01
1.481046048880677035e-02, 1.610195121202238067e-01
1.754474890833466680e-02, 1.705053397277055405e-01
2.078383818579763662e-02, 1.807027031172898091e-01
2.462092401494630350e-02, 1.916711409940120292e-01
2.916640776023706610e-02, 2.034755603943077251e-01
3.455107294592232176e-02, 2.161867463773408105e-01
4.092984818452450463e-02, 2.298819219067853303e-01
4.848626481239087793e-02, 2.446453629952613507e-01
5.743773748826610376e-02, 2.605690747056661483e-01
6.804181968927121293e-02, 2.777535341801039004e-01
8.060361408861362043e-02, 2.963085075037197313e-01
9.548455102782302251e-02, 3.163539479137939536e-01
1.131127876593925885e-01, 3.380209836409884816e-01
1.339955269659342529e-01, 3.614530045273466885e-01
1.587336111010211881e-01, 3.868068575131352604e-01
1.880388089340924440e-01, 4.142541621312889055e-01
2.227542951999565424e-01, 4.439827583045978243e-01
2.638789104828940246e-01, 4.761983000184099590e-01
3.125959000482284589e-01, 5.111260098532688367e-01
3.703069584005156401e-01, 5.490126109218286254e-01
4.386725591048512007e-01, 5.901284544781304486e-01
5.196597302486207770e-01, 6.347698633722925754e-01
6.155986501483539097e-01, 6.832617136289651505e-01
7.292496916841474386e-01, 7.359602787547728786e-01
8.638828442740471569e-01, 7.932563639518306342e-01
1.023371798632521257e+00, 8.555787602571840456e-01
1.212305401337657740e+00, 9.233980517704558633e-01
1.436119685999083240e+00, 9.972308126057365385e-01
1.701254279852592477e+00, 1.077644234044034199e+00
2.015337685941735124e+00, 1.165261226608124367e+00
2.387406771860656640e+00, 1.260766046475570334e+00
2.828166780230040978e+00, 1.364910500835369911e+00
3.350299341977236889e+00, 1.478520792531941908e+00
3.968827354637181948e+00, 1.602505070684923538e+00
4.701547224022148086e+00, 1.737861760989281690e+00
5.569540905800147712e+00, 1.885688757158474615e+00
6.597782479539546330e+00, 2.047193563552734297e+00
7.815856707684122995e+00, 2.223704488522514566e+00
9.258810253973981830e+00, 2.416682998489739553e+00
1.096816005273144690e+01, 2.627737354394153346e+00
1.299308784200417222e+01, 2.858637664966272141e+00
1.539185522990211652e+01, 3.111332505483826782e+00
1.823348000868453411e+01, 3.387967266368739683e+00
2.159972194782721289e+01, 3.690904413348178981e+00
2.558743520168599517e+01, 4.022745860111804461e+00
3.031135501567600699e+01, 4.386357675644826593e+00
3.590739891061062394e+01, 4.784897371920568965e+00
4.253657732750409082e+01, 5.221844043635199384e+00
5.038962625065149581e+01, 5.701031660428578896e+00
5.969249509970751433e+01, 6.226685843852788338e+00
7.071284778943038418e+01, 6.803464496547210416e+00
8.376776400682925328e+01, 7.436502690019874962e+00
9.923286228832586175e+01, 8.131462260513945495e+00
1.175531073878377128e+02, 8.894586610098974333e+00
1.392556128874464889e+02, 9.732761262857762219e+00
1.649648074098027450e+02, 1.065358078437894029e+01
1.954204007974067565e+02, 1.166542273731265844e+01
2.314986671851165454e+02, 1.277752941716497936e+01
2.742376573264963326e+02, 1.400009819152414714e+01
3.248670655878374873e+02, 1.534438135334302977e+01
3.848436109487440717e+02, 1.682279649564424773e+01
4.558929499981087474e+02, 1.844904852205496937e+01
5.400593278542373810e+02, 2.023826452602558135e+01
6.397643955748450253e+02, 2.220714290264719182e+01
7.578768863625975882e+02, 2.437411820200781776e+01
8.977951553033331038e+02, 2.675954339350975530e+01
1.063544957486015392e+03, 2.938589138815110147e+01
1.259895277795036236e+03, 3.227797786228391175e+01
1.492495545051832323e+03, 3.546320764382382862e+01
1.768038178457215736e+03, 3.897184716252604630e+01
2.094451143151486121e+03, 4.283732573224324369e+01
2.481126055137775438e+03, 4.709656872778523251e+01
2.939188398646902442e+03, 5.179036604512634767e+01
3.481817630688966346e+03, 5.696377959462093798e+01
4.124626382901365105e+03, 6.266659397630986206e+01
4.886109671160355902e+03, 6.895381492841693216e+01
5.788177037701279914e+03, 7.588622062933427515e+01
6.856782936641765446e+03, 8.353097147477633655e+01
8.122673500479770155e+03, 9.196228455094079379e+01
9.622271173675153477e+03, 1.012621796876308906e+02
1.139872266616057095e+04, 1.115213047091660741e+02
1.350314037869883214e+04, 1.228398483131216494e+02
1.599607301861491214e+04, 1.353285499058725634e+02
1.894924771873831196e+04, 1.491098167187933257e+02
2.244763378413223836e+04, 1.643189596300703101e+02
2.659188744512702033e+04, 1.811055603357849293e+02
3.150124795755347077e+04, 1.996349838627013185e+02
3.731696837732755375e+04, 2.200900519080767879e+02
4.420637972028547665e+04, 2.426728941440711651e+02
5.236770544204687030e+04, 2.676069964530690299e+02
6.203576476104281028e+04, 2.951394670843309882e+02
7.348872892180416966e+04, 3.255435439626393190e+02
8.705612479099928169e+04, 3.591213688591772097e+02
1.031283160672186787e+05, 3.962070568793876646e+02
1.221677348996798100e+05, 4.371700927601977469e+02
1.447221870741146267e+05, 4.824190888311869685e+02
1.714406135851975414e+05, 5.324059432157713445e+02
2.030917620904747164e+05, 5.876304409675033185e+02
2.405863054644066724e+05, 6.486453453957752799e+02
2.850030438518116716e+05, 7.160620318817142334e+02
3.376199441111360793e+05, 7.905567220705748923e+02
3.999509097203669953e+05, 8.728773825097034660e+02
4.737893390963163693e+05, 9.638513586443966688e+02
5.612597255955011351e+05, 1.064393822658706995e+03
6.648787838417276507e+05, 1.175517122032695852e+03
7.876278611187094357e+05, 1.298341124968025042e+03
9.330387172620436177e+05, 1.434104669106215397e+03
1.105295141126024304e+06, 1.584178231334559996e+03
1.309353327353617642e+06, 1.750077949060507081e+03
1.551084476952840341e+06, 1.933481137266669975e+03
1.837443724610732170e+06, 2.136243461079581266e+03
2.176670253153472673e+06, 2.360417940654094309e+03
2.578524352884276304e+06, 2.608275984069895912e+03
3.054568246515444014e+06, 2.882330664850365793e+03
3.618498759642772377e+06, 3.185362483864061232e+03
4.286541408420933411e+06, 3.520447880994673142e+03
5.077917243205424398e+06, 3.890990790330113668e+03
6.015395880274881609e+06, 4.300757564019172605e+03
7.125950633568424731e+06, 4.753915624699936416e+03
8.441534596013028175e+06, 5.255076244875081102e+03
1.000000000000000000e+07, 5.809341894194354609e+03
