1.000000000000000078e-15, 3.646384818393584581e-02
1.184618730902683615e-15, 3.647288106992061657e-02
1.403321537605484717e-15, 3.648222684218892231e-02
1.662400978926611930e-15, 3.649189639450771405e-02
1.969311337907421613e-15, 3.650190100383801650e-02
2.332883097864158299e-15, 3.651225234408607412e-02
2.763577014736160320e-15, 3.652296250036691366e-02
3.273785095948577224e-15, 3.653404398380049461e-02
3.878187145610723230e-15, 3.654550974686183312e-02
4.594173134636476025e-15, 3.655737319930718598e-02
5.442343548300266800e-15, 3.656964822469952608e-02
6.447102107323868852e-15, 3.658234919755753295e-02
7.637357916378027489e-15, 3.659549100115343928e-02
9.047357242349291730e-15, 3.660908904598601799e-02
1.071766885445503426e-14, 3.662315928895663181e-02
1.269635127659974077e-14, 3.663771825327694770e-02
1.504033553638024959e-14, 3.665278304913881235e-02
1.781706319545730845e-14, 3.666837139517777761e-02
2.110642679101555022e-14, 3.668450164076351300e-02
2.500306851906325026e-14, 3.670119278915152938e-02
2.961910329772554818e-14, 3.671846452153288559e-02
3.508734455902712968e-14, 3.673633722201957719e-02
4.156512558225991946e-14, 3.675483200360558922e-02
4.923882631706740969e-14, 3.677397073514530185e-02
5.832923594286206104e-14, 3.679377606939314427e-02
6.909790545715645178e-14, 3.681427147215016876e-02
8.185467307069029033e-14, 3.683548125256598527e-02
9.696657893145525094e-14, 3.685743059464628019e-02
1.148684256737554654e-13, 3.688014559001921017e-02
1.360752886424334547e-13, 3.690365327201615420e-02
1.611973357388158634e-13, 3.692798165112533976e-02
1.909573832878098545e-13, 3.695315975188002283e-02
2.262116930469026344e-13, 3.697921765124529553e-02
2.679746087325692012e-13, 3.700618651857201513e-02
3.174477409109193244e-13, 3.703409865718861743e-02
3.760545399658171687e-13, 3.706298754770651765e-02
4.454812518844988868e-13, 3.709288789311755707e-02
5.277254352483542987e-13, 3.712383566576717836e-02
6.251534353689717889e-13, 3.715586815629055156e-02
7.405684692262441571e-13, 3.718902402460425721e-02
8.772912801613365325e-13, 3.722334335305044206e-02
1.039255682936713244e-12, 3.725886770179612922e-02
1.231121748203890703e-12, 3.729564016659588088e-02
1.458409882943986503e-12, 3.733370543903145183e-02
1.727659664669038352e-12, 3.737310986934912205e-02
2.046617999391991628e-12, 3.741390153202137081e-02
2.424462017082330886e-12, 3.745613029416721557e-02
2.872063117797830867e-12, 3.749984788697265092e-02
3.402299765678071147e-12, 3.754510798026083895e-02
4.030428030568054307e-12, 3.759196626037035471e-02
4.774520538566130840e-12, 3.764048051150854085e-02
5.655986461065008035e-12, 3.769071070075707269e-02
6.700187503509590135e-12, 3.774271906691655659e-02
7.937167617217558082e-12, 3.779657021338881512e-02
9.402517429670141714e-12, 3.785233120530600431e-02
1.113839826482620524e-11, 3.791007167112932230e-02
1.319475521676708700e-11, 3.796986390895230878e-02
1.563075417945817251e-11, 3.803178299775853560e-02
1.851648417912158075e-11, 3.809590691389829614e-02
2.193497398905060142e-11, 3.816231665306465265e-02
2.598458104929252484e-11, 3.823109635806708900e-02
3.078182142565080031e-11, 3.830233345271843309e-02
3.646472223212752839e-11, 3.837611878217100231e-02
4.319679297334173335e-11, 3.845254676005826350e-02
5.117173007114610145e-11, 3.853171552282080164e-02
6.061898993497584093e-11, 3.861372709161940003e-02
7.181039092537356965e-11, 3.869868754226298696e-02
8.506793416364170249e-11, 3.878670718360719555e-02
1.007730682094461815e-10, 3.887790074490767717e-02
1.193776641714438331e-10, 3.897238757264399889e-02
1.414170170289023803e-10, 3.907029183736315803e-02
1.675252472408217365e-10, 3.917174275112764170e-02
1.984535457805803279e-10, 3.927687479619087346e-02
2.350917875457289358e-10, 3.938582796556447385e-02
2.784941350080649610e-10, 3.949874801618535880e-02
3.299093687770942561e-10, 3.961578673543779405e-02
3.908168177536272135e-10, 3.973710222183653856e-02
4.629689226627267571e-10, 3.986285918073072948e-02
5.484416576121026303e-10, 3.999322923594724605e-02
6.496942604146125056e-10, 4.012839125835386545e-02
7.696399902471166909e-10, 4.026853171239033746e-02
9.117299484984940992e-10, 4.041384502168717668e-02
1.080052374516253962e-09, 4.056453395496938813e-02
1.279450273207876028e-09, 4.072081003352579637e-02
1.515660758900604371e-09, 4.088289396161397943e-02
1.795480124687833954e-09, 4.105101608126671825e-02
2.126959386668692041e-09, 4.122541685307001824e-02
2.519635929317018539e-09, 4.140634736459354592e-02
2.984807916924333199e-09, 4.159406986827442892e-02
3.535859366535183310e-09, 4.178885835068475718e-02
4.188645235435279785e-09, 4.199099913525147776e-02
4.961947603002907857e-09, 4.220079152064808159e-02
5.878016072274924118e-09, 4.241854845723826151e-02
6.963207939763889889e-09, 4.264459726412647006e-02
8.248746552614598195e-09, 4.287928038955743371e-02
9.771619672696180100e-09, 4.312295621761002423e-02
1.157564369553305873e-08, 4.337599992434908180e-02
1.371272434398403692e-08, 4.363880438683506724e-02
1.624435010958868809e-08, 4.391178114864637688e-02
1.924336141115983946e-08, 4.419536144584449572e-02
2.279604637318981838e-08, 4.448999729761010657e-02
2.700462352420687487e-08, 4.479616266609966896e-02
3.199018284775067106e-08, 4.511435469042007068e-02
3.789616980644723283e-08, 4.544509499999564023e-02
4.489251258218608039e-08, 4.578893111300857272e-02
5.318051128214207347e-08, 4.614643792603513595e-02
6.299862978380705770e-08, 4.651821930147700956e-02
7.462935686310144724e-08, 4.690490975990460609e-02
8.840733401525080114e-08, 4.730717628498894850e-02
1.047289838236361656e-07, 4.772572024930631096e-02
1.240639159058834211e-07, 4.816127946995805292e-02
1.469684386112447532e-07, 4.861463040366224148e-02
1.741015652304022424e-07, 4.908659049174794731e-02
2.062439752514096944e-07, 4.957802066632467641e-02
2.443204762186492067e-07, 5.008982802981173238e-02
2.894266124716751244e-07, 5.062296872100355283e-02
3.428601863556597385e-07, 5.117845098192468078e-02
4.061585988376987783e-07, 5.175733844089764474e-02
4.811430839003263999e-07, 5.236075362852037757e-02
5.699711094326075332e-07, 5.298988174463212242e-02
6.751984523072522091e-07, 5.364597469585342948e-02
7.998527336796724915e-07, 5.433035542492176823e-02
9.475205302806548054e-07, 5.504442255482917129e-02
1.122450568085310503e-06, 5.578965537270678260e-02
1.329675967466215312e-06, 5.656761918051789878e-02
1.575159057091624399e-06, 5.737997104192271713e-02
1.865962923181745824e-06, 5.822846595718928625e-02
2.210454629971028308e-06, 5.911496350076202166e-02
2.618545958474237714e-06, 6.004143495908356026e-02
3.101978590138099995e-06, 6.100997100952215701e-02
3.674661940736702830e-06, 6.202278998480952737e-02
4.353073364731901082e-06, 6.308224677127198532e-02
5.156732244854973643e-06, 6.419084239337313758e-02
6.108761607505039188e-06, 6.535123434170965473e-02
7.236553422869679336e-06, 6.656624770665586777e-02
8.572556731909341268e-06, 6.783888718537313400e-02
1.015521127634569068e-05, 6.917235003593730225e-02
1.203005349423329097e-05, 7.057004005893517673e-02
1.425102670303002181e-05, 7.203558269410138826e-02
1.688203316700366091e-05, 7.357284132746398642e-02
1.999877270535286910e-05, 7.518593491310823773e-02
2.369092074182641892e-05, 7.687925702312931042e-02
2.806470846309844290e-05, 7.865749644970354559e-02
3.324597932270945193e-05, 8.052565949455048333e-02
3.938380983288489347e-05, 8.248909409348752220e-02
4.665479882234487143e-05, 8.455351593739540705e-02
5.526814857144614113e-05, 8.672503676583970256e-02
6.547168402004742828e-05, 8.901019502595661215e-02
7.755898323389033436e-05, 9.141598910715365012e-02
9.187782428863358044e-05, 9.394991338185869345e-02
1.088401916069007641e-04, 9.661999730414184973e-02
1.289341296525715658e-04, 9.943484784172752777e-02
1.527377850390718465e-04, 1.024036955429214885e-01
1.809360410738720362e-04, 1.055364445685259972e-01
2.143402233514858635e-04, 1.088437270501672188e-01
2.539114433680357552e-04, 1.123369621708890237e-01
3.007882518043107677e-04, 1.160284204016914650e-01
3.563193971228591347e-04, 1.199312933692529004e-01
4.221026320156902626e-04, 1.240597698757437972e-01
5.000306842491110881e-04, 1.284291186418440589e-01
5.923457145875816879e-04, 1.330557783992688536e-01
7.017038286703836418e-04, 1.379574560197963928e-01
8.312514989890666195e-04, 1.431532334345363977e-01
9.847160957933804529e-04, 1.486636841706032441e-01
1.166513131698198452e-03, 1.545110004131348969e-01
1.381873305653633522e-03, 1.607191315894832273e-01
1.636993001611708595e-03, 1.673139355702349396e-01
1.939212572065834861e-03, 1.743233436893989741e-01
2.297227536071155991e-03, 1.817775409046546997e-01
2.721338768375319763e-03, 1.897091625490874012e-01
3.223748878149040268e-03, 1.981535092695972111e-01
3.818913304781862243e-03, 2.071487819055095603e-01
4.523956232538058238e-03, 2.167363382353346690e-01
5.359163290848536348e-03, 2.269609737118013504e-01
6.348565216305236333e-03, 2.378712285170453411e-01
7.520629269592422200e-03, 2.495197235032005634e-01
8.909078300934179448e-03, 2.619635278408531942e-01
1.055386103036527225e-02, 2.752645614813595265e-01
1.250230145991458423e-02, 2.894900358516298011e-01
1.481046048880677035e-02, 3.047129365446324956e-01
1.754474890833466680e-02, 3.210125521489745060e-01
2.078383818579763662e-02, 3.384750537800779169e-01
2.462092401494630350e-02, 3.571941303378314836e-01
2.916640776023706610e-02, 3.772716850256163656e-01
3.455107294592232176e-02, 3.988185992282798353e-01
4.092984818452450463e-02, 4.219555704674522456e-01
4.848626481239087793e-02, 4.468140318376587761e-01
5.743773748826610376e-02, 4.735371610826503153e-01
6.804181968927121293e-02, 5.022809883057677283e-01
8.060361408861362043e-02, 5.332156122290815370e-01
9.548455102782302251e-02, 5.665265359326571160e-01
1.131127876593925885e-01, 6.024161341275812154e-01
1.339955269659342529e-01, 6.411052652554724007e-01
1.587336111010211881e-01, 6.828350430753099554e-01
1.880388089340924440e-01, 7.278687839091503298e-01
2.227542951999565424e-01, 7.764941473866302513e-01
2.638789104828940246e-01, 8.290254903706993916e-01
3.125959000482284589e-01, 8.858064557820202189e-01
3.703069584005156401e-01, 9.472128202873547620e-01
4.386725591048512007e-01, 1.013655627300268813e+00
5.196597302486207770e-01, 1.085584634485594169e+00
6.155986501483539097e-01, 1.163492107989536395e+00
7.292496916841474386e-01, 1.247916998965646895e+00
8.638828442740471569e-01, 1.339449541666456245e+00
1.023371798632521257e+00, 1.438736316458547826e+00
1.212305401337657740e+00, 1.546485825636388922e+00
1.436119685999083240e+00, 1.663474634902509353e+00
1.701254279852592477e+00, 1.790554138899107972e+00
2.015337685941735124e+00, 1.928658015274096416e+00
2.387406771860656640e+00, 2.078810438504774538e+00
2.828166780230040978e+00, 2.242135132152368371e+00
3.350299341977236889e+00, 2.419865346456110622e+00
3.968827354637181948e+00, 2.613354857279162946e+00
4.701547224022148086e+00, 2.824090092482946623e+00
5.569540905800147712e+00, 3.053703502932922920e+00
6.597782479539546330e+00, 3.303988307639978306e+00
7.815856707684122995e+00, 3.576914756142558716e+00
9.258810253973981830e+00, 3.874648066272690095e+00
1.096816005273144690e+01, 4.199568212077220863e+00
1.299308784200417222e+01, 4.554291755052126689e+00
1.539185522990211652e+01, 4.941695932180244277e+00
1.823348000868453411e+01, 5.364945236746403445e+00
2.159972194782721289e+01, 5.827520752769503432e+00
2.558743520168599517e+01, 6.333252531389049089e+00
3.031135501567600699e+01, 6.886355327955632433e+00
3.590739891061062394e+01, 7.491468052210729311e+00
4.253657732750409082e+01, 8.153697321141970988e+00
5.038962625065149581e+01, 8.878665545246434476e+00
5.969249509970751433e+01, 9.672564024447083852e+00
7.071284778943038418e+01, 1.054221158024658322e+01
8.376776400682925328e+01, 1.149511930638858992e+01
9.923286228832586175e+01, 1.253956208189141819e+01
1.175531073878377128e+02, 1.368465755845611653e+01
1.392556128874464889e+02, 1.494045340962714086e+01
1.649648074098027450e+02, 1.631802371246608629e+01
1.954204007974067565e+02, 1.782957542474333223e+01
2.314986671851165454e+02, 1.948856602270407379e+01
2.742376573264963326e+02, 2.130983347736362177e+01
3.248670655878374873e+02, 2.330973987219199017e+01
3.848436109487440717e+02, 2.550633010324207106e+01
4.558929499981087474e+02, 2.791950725566319846e+01
5.400593278542373810e+02, 3.057122641970752142e+01
6.397643955748450253e+02, 3.348570889649738547e+01
7.578768863625975882e+02, 3.668967895090628417e+01
8.977951553033331038e+02, 4.021262549804201569e+01
1.063544957486015392e+03, 4.408709136334732648e+01
1.259895277795036236e+03, 4.834899303686110272e+01
1.492495545051832323e+03, 5.303797415259796821e+01
1.768038178457215736e+03, 5.819779626747585155e+01
2.094451143151486121e+03, 6.387677089429220700e+01
2.481126055137775438e+03, 7.012823716382618500e+01
2.939188398646902442e+03, 7.701108995653410716e+01
3.481817630688966346e+03, 8.459036385929874768e+01
4.124626382901365105e+03, 9.293787887260475600e+01
4.886109671160355902e+03, 1.021329544241480534e+02
5.788177037701279914e+03, 1.122631989428091117e+02
6.856782936641765446e+03, 1.234253830192310915e+02
8.122673500479770155e+03, 1.357264050339354640e+02
9.622271173675153477e+03, 1.492843590797786533e+02
1.139872266616057095e+04, 1.642297160522951458e+02
1.350314037869883214e+04, 1.807066299398954357e+02
1.599607301861491214e+04, 1.988743826279305438e+02
1.894924771873831196e+04, 2.189089819494405162e+02
2.244763378413223836e+04, 2.410049292856294869e+02
2.659188744512702033e+04, 2.653771747569542185e+02
3.150124795755347077e+04, 2.922632799689557714e+02
3.731696837732755375e+04, 3.219258104056041248e+02
4.420637972028547665e+04, 3.546549819187108596e+02
5.236770544204687030e+04, 3.907715883692744683e+02
6.203576476104281028e+04, 4.306302403623576538e+02
7.348872892180416966e+04, 4.746229482108717548e+02
8.705612479099928169e+04, 5.231830857984782597e+02
1.031283160672186787e+05, 5.767897759242074471e+02
1.221677348996798100e+05, 6.359727420414977814e+02
1.447221870741146267e+05, 7.013176760969669203e+02
1.714406135851975414e+05, 7.734721774788120001e+02
2.030917620904747164e+05, 8.531523239558031264e+02
2.405863054644066724e+05, 9.411499419860776925e+02
2.850030438518116716e+05, 1.038340650967557167e+03
3.376199441111360793e+05, 1.145692763962477329e+03
3.999509097203669953e+05, 1.264277136240094251e+03
4.737893390963163693e+05, 1.395278062734381820e+03
5.612597255955011351e+05, 1.540005336308378446e+03
6.648787838417276507e+05, 1.699907590665405451e+03
7.876278611187094357e+05, 1.876587064972443613e+03
9.330387172620436177e+05, 2.071815941899332756e+03
1.105295141126024304e+06, 2.287554426980558674e+03
1.309353327353617642e+06, 2.525970755140687288e+03
1.551084476952840341e+06, 2.789463330075637714e+03
1.837443724610732170e+06, 3.080685224155420201e+03
2.176670253153472673e+06, 3.402571290834794581e+03
2.578524352884276304e+06, 3.758368168480226814e+03
3.054568246515444014e+06, 4.151667484319947107e+03
3.618498759642772377e+06, 4.586442600208079057e+03
4.286541408420933411e+06, 5.067089278404509059e+03
5.077917243205424398e+06, 5.598470685984958436e+03
6.015395880274881609e+06, 6.185967201229202146e+03
7.125950633568424731e+06, 6.835531534852058940e+03
8.441534596013028175e+06, 7.553749733751113126e+03
1.000000000000000000e+07, 8.347908695614578392e+03
